442 815
130 213
643 111
744 352
52 452
241 394
191 235
645 986
450 797
628 721
709 645
548 851
105 155
752 97
10 105
252 25
661 335
170 393
148 618
395 149
847 774
38 584
681 953
172 391
325 709
548 586
469 752
235 277
766 808
132 87
151 490
664 416
622 730
919 438
795 767
185 13
517 81
930 622
688 527
254 985
298 881
867 775
933 79
683 568
156 918
341 241
710 284
294 111
857 678
278 580
263 573
322 935
849 399
639 624
156 250
690 628
233 262
959 382
16 302
539 206
712 571
561 834
191 997
377 58
966 83
124 382
208 114
935 559
364 389
283 982
606 546
263 252
174 699
261 971
812 672
764 266
697 891
686 757
121 46
383 470
665 910
628 540
484 227
852 60
880 823
267 1
545 377
127 621
493 18
59 933
49 917
74 859
27 11
563 172
135 915
341 46
744 188
41 980
938 551
499 998
688 661
136 473
447 194
284 841
490 534
364 94
824 29
862 957
900 734
27 751
541 85
132 775
811 726
55 644
639 234
503 938
9 676
430 714
734 439
378 988
615 715
670 186
668 275
736 66
598 268
803 107
400 703
286 911
951 320
762 655
595 677
426 948
73 890
407 411
574 67
93 772
935 796
868 610
712 413
363 315
444 640
132 534
843 839
569 860
736 449
636 632
748 11
867 328
483 154
229 513
166 403
357 724
377 293
905 652
670 51
817 840
583 42
336 392
380 957
297 560
476 802
99 389
775 729
794 433
301 121
812 470
585 615
305 923
223 354
797 343
499 28
345 496
390 214
946 880
785 228
178 832
584 674
21 104
857 413
622 683
939 769
869 388
198 683
308 55
480 900
985 788
160 441
789 176
912 7
591 55
277 46
604 606
130 448
736 558
667 547
81 175
94 25
333 975
779 430
693 712
6 622
25 926
157 276
997 839
156 462
231 88
130 595
8 158
520 856
28 137
585 658
368 739
797 588
691 693
916 515
505 14
739 51
510 80
611 781
344 164
766 855
852 456
206 157
398 789
683 660
910 331
607 991
738 64
938 506
61 567
35 564
351 685
606 546
107 844
887 133
683 263
952 999
898 183
234 950
580 635
334 692
44 802
726 588
251 324
20 481
563 222
715 346
394 862
154 194
634 220
730 902
735 881
676 851
518 217
191 79
734 441
470 899
700 408
894 838
299 894
530 65
26 729
874 168
908 199
174 129
587 282
244 713
362 28
613 442
7 749
162 563
572 731
428 152
367 141
453 974
441 278
233 245
998 23
591 246
408 428
180 586
574 415
117 516
8 318
420 713
942 154
887 205
601 681
227 522
13 752
599 269
131 972
157 286
279 874
445 332
761 623
963 858
905 153
71 160
798 913
882 812
622 298
54 390
101 134
752 191
18 905
194 827
11 613
136 102
693 710
16 669
223 835
616 505
744 661
90 668
342 22
414 2
829 973
583 74
721 266
881 504
327 925
421 95
809 252
920 842
291 707
42 463
413 191
271 815
603 150
119 427
250 24
292 66
259 379
64 210
910 498
522 223
242 844
358 685
672 34
786 814
875 78
96 222
442 539
469 107
656 862
210 557
494 462
908 394
193 92
951 345
400 593
56 205
563 141
358 517
39 942
657 828
319 331
17 316
990 611
951 516
822 602
396 550
130 841
11 848
874 929
307 664
794 238
565 524
600 119
336 362
119 528
663 477
897 147
355 232
10 607
149 908
500 923
395 527
820 602
102 681
220 185
53 669
308 145
550 610
195 970
648 902
795 71
14 996
150 112
353 684
769 358
772 12
731 229
848 718
741 38
551 452
878 74
86 348
827 555
807 342
920 973
327 245
98 500
65 951
644 468
659 748
416 558
806 517
240 488
448 976
14 125
510 158
149 378
263 895
887 47
406 142
290 863
669 87
438 791
788 63
73 478
32 236
300 148
193 277
464 635
449 881
297 848
731 427
120 211
276 341
915 297
796 375
701 870
377 74
626 356
469 832
111 131
26 541
820 118
401 923
939 148
646 63
625 930
756 630
286 72
998 225
290 605
781 347
705 696
224 500
408 364
131 175
562 305
435 268
953 427
6 237
590 371
958 79
452 886
259 36
846 139
820 323
661 66
431 928
443 882
959 915
272 676
299 574
698 767
485 50
205 796
191 888
240 599
238 714
517 596
485 145
467 376
414 904
403 119
576 995
880 379
981 525
704 708
126 940
701 452
323 407
440 691
578 805
460 300
364 992
280 480
701 126
999 818
967 443
363 391
611 722
551 621
849 78
14 782
834 598
481 133
612 367
155 889
777 218
304 657
929 271
475 108
365 644
739 142
9 85
442 159
78 801
525 417
315 950
547 19
501 475
840 744
438 279
557 701
930 634
825 613
517 56
996 791
234 301
972 15
288 815
897 447
358 118
441 674
949 577
916 990
600 510
134 949
9 708
254 581
652 846
274 399
195 130
308 313
626 224
591 726
779 900
593 341
474 549
522 527
609 147
138 166
219 337
945 656
585 755
290 135
441 463
319 682
761 373
735 836
611 791
961 360
451 960
682 946
469 856
472 309
342 713
992 78
659 661
880 820
243 744
668 373
32 394
23 201
622 681
159 435
883 854
634 780
975 735
414 170
787 689
296 574
451 119
194 271
864 612
471 725
618 874
756 540
907 905
856 196
974 369
832 9
220 927
381 951
675 266
845 684
695 658
539 904
720 175
136 974
274 136
45 924
299 738
387 190
757 339
604 619
58 441
462 958
28 519
616 843
891 514
149 630
916 670
772 964
824 550
784 235
680 901
844 157
143 741
812 797
482 983
680 764
276 71
34 928
598 644
426 489
124 834
736 906
437 210
507 127
532 6
670 275
334 915
419 426
447 767
748 987
52 52
936 271
834 405
304 645
364 904
770 242
295 89
879 625
771 129
94 341
558 359
481 87
854 518
741 573
972 753
928 516
592 801
562 598
105 107
392 362
624 234
243 101
220 407
787 737
736 837
239 291
461 30
993 757
997 932
499 863
950 389
615 383
180 140
614 112
782 253
770 872
602 918
699 752
674 445
942 484
457 139
402 63
52 547
705 904
333 394
894 543
438 910
592 140
39 417
426 207
247 295
44 645
921 847
632 405
182 853
790 908
28 244
966 55
669 284
375 129
213 115
702 622
979 355
120 27
592 205
211 575
481 102
235 280
139 102
475 249
548 968
89 26
474 414
665 160
769 528
78 136
271 276
306 944
480 651
141 404
959 31
892 937
291 691
680 606
557 828
791 956
437 931
885 645
110 112
516 337
695 872
484 226
663 560
640 106
526 426
713 620
60 856
299 294
939 942
480 61
141 778
128 637
522 842
596 849
152 222
343 420
745 24
811 960
530 425
298 225
290 298
999 811
249 533
954 971
667 406
160 34
22 988
526 818
449 570
412 937
772 924
515 548
679 567
733 641
460 528
230 417
493 604
148 794
875 696
446 678
573 436
452 611
321 373
601 717
832 687
191 839
596 186
676 11
979 904
795 688
886 604
280 233
228 919
552 379
920 115
139 51
156 752
655 334
484 820
504 153
603 698
732 829
914 481
539 606
935 765
716 591
232 111
89 256
553 616
861 469
678 216
820 427
265 617
890 518
492 723
29 824
387 50
109 861
384 534
148 757
935 378
765 509
102 660
481 378
757 121
435 176
292 730
819 117
607 923
761 549
106 91
300 251
82 5
647 190
672 238
544 7
667 952
532 46
337 435
117 317
427 554
636 352
28 80
142 215
669 885
62 843
548 63
906 388
799 33
278 225
938 878
131 962
297 114
180 665
572 523
287 177
251 97
32 576
3 159
564 28
252 845
729 294
861 316
563 638
229 651
690 860
697 79
74 246
411 952
495 367
433 958
986 812
687 388
946 33
533 362
298 736
585 294
984 604
734 284
499 734
244 989
648 273
266 329
687 682
883 356
417 469
286 529
547 205
70 493
429 462
43 235
132 319
793 979
578 233
385 321
629 261
913 747
811 364
135 391
754 606
590 669
98 624
309 279
547 939
635 867
480 929
538 588
938 891
253 39
857 115
174 191
97 397
845 218
121 715
631 269
852 88
304 812
510 634
642 673
650 383
311 955
11 520
139 884
442 140
423 203
368 443
560 870
181 237
378 4
190 655
726 779
508 514
848 180
182 390
831 363
88 92
773 330
47 142
297 395
244 548
380 209
769 475
744 192
52 609
891 567
932 770
276 661
986 884
56 141
326 900
857 499
189 856
539 958
339 228
252 902
933 582
907 869
67 692
378 148
664 196
461 884
689 75
104 857
140 910
338 361
605 406
946 140
500 782
826 36
461 923
820 473
819 939
858 313
45 953
309 858
345 31
245 489
198 464
2 439
51 646
491 815
40 982
595 919
632 682
251 433
121 793
448 651
455 850
19 481
800 336
428 101
89 704
358 576
143 369
116 794
297 564
295 966
756 241
42 563
57 708
447 434
419 517
822 146
258 818
480 281
111 405
229 185
894 502
779 991
757 615
114 744
972 61
485 933
100 307
906 911
41 984
237 380
368 124
